%YAML:1.0
---
model_type: PINHOLE
camera_name: camera
image_width: 640
image_height: 480
# Kalibr-measured (cam0 / infra1), 2026-06-01
distortion_parameters:
   k1: -0.006440
   k2: 0.003589
   p1: 0.001030
   p2: 0.000604
projection_parameters:
   fx: 382.8923
   fy: 383.2983
   cx: 325.7974
   cy: 241.9233
