%YAML:1.0
---
model_type: PINHOLE
camera_name: camera
image_width: 640
image_height: 480
# Kalibr-measured (cam1 / infra2), 2026-06-01
distortion_parameters:
   k1: -0.005740
   k2: 0.003108
   p1: 0.001121
   p2: 0.000643
projection_parameters:
   fx: 382.8855
   fy: 383.2817
   cx: 326.5054
   cy: 242.0943
