%YAML:1.0

#common parameters
#support: 1 imu 1 cam; 1 imu 2 cam: 2 cam; 
imu: 1         
num_of_cam: 2  

imu_topic: "/imu/data_raw"
image0_topic: "/infra1/image_raw"
image1_topic: "/infra2/image_raw"
output_path: "~/output/"

cam0_calib: "camera_infra1.yaml"
cam1_calib: "camera_infra2.yaml"
image_width: 640
image_height: 480
   

# Extrinsic parameter between IMU and Camera.
estimate_extrinsic: 0   # 0  Have an accurate extrinsic parameters. We will trust the following imu^R_cam, imu^T_cam, don't change it.
                        # 1  Have an initial guess about extrinsic parameters. We will optimize around your initial guess.

body_T_cam0: !!opencv-matrix
   rows: 4
   cols: 4
   dt: d
   data: [0.9999473377614082, -0.009859824700019514, -0.0028470266521047564, -0.007201517337673263,
          0.00985903189367746, 0.9999513558221539, -0.0002923688701924911, 0.005878834934043365,
          0.002849770866641799, 0.00026428454682804155, 0.9999959044714567, 0.019487028235401074,
          0.0, 0.0, 0.0, 1.0]

body_T_cam1: !!opencv-matrix
   rows: 4
   cols: 4
   dt: d
   data:  [0.9999492764612076, -0.0098997494368588, -0.0018545796815106206, 0.042972010597711836,
          0.009899300133194443, 0.9999509691529881, -0.0002512904154146571, 0.005987451569897631,
          0.0018569764620464744, 0.00023291862818732484, 0.9999982486921325, 0.019517626603181768,
          0.0, 0.0, 0.0, 1.0]

#Multiple thread support
multiple_thread: 1

#feature traker paprameters
max_cnt: 150            # max feature number in feature tracking
min_dist: 30            # min distance between two features 
freq: 10                # frequence (Hz) of publish tracking result. At least 10Hz for good estimation. If set 0, the frequence will be same as raw image 
F_threshold: 1.0        # ransac threshold (pixel)
show_track: 1           # publish tracking image as topic
flow_back: 1            # perform forward and backward optical flow to improve feature tracking accuracy

#optimization parameters
max_solver_time: 0.04  # max solver itration time (ms), to guarantee real time
max_num_iterations: 8   # max solver itrations, to guarantee real time
keyframe_parallax: 10.0 # keyframe selection threshold (pixel)

#imu parameters       The more accurate parameters you provide, the better performance
acc_n: 1.0          # accelerometer measurement noise standard deviation. 
gyr_n: 0.9        # gyroscope measurement noise standard deviation.     
acc_w: 0.02        # accelerometer bias random work noise standard deviation.  
gyr_w: 0.002       # gyroscope bias random work noise standard deviation.     
g_norm: 9.81007     # gravity magnitude

#unsynchronization parameters
estimate_td: 0                      # online estimate time offset between camera and imu
td: 0.0                             # initial value of time offset. unit: s. readed image clock + td = real image clock (IMU clock)

#loop closure parameters
load_previous_pose_graph: 0        # load and reuse previous pose graph; load from 'pose_graph_save_path'
pose_graph_save_path: "~/output/pose_graph/" # save and load path
save_image: 1                   # save image in pose graph for visualization prupose; you can close this function by setting 0 
