%YAML:1.0
---
model_type: PINHOLE
image_width: 640
image_height: 480
distortion_parameters:
  k1: -0.049879140602722534
  k2: 0.04189503052568046
  p1: -0.0002581078253831348
  p2: -0.00036332730935522637
projection_parameters:
  fx: 422.82390042577424
  fy: 422.86062560737844
  cx: 314.29137935542747
  cy: 249.6094560058871
